RT60 data saved by REW V5.31.3
Source: UMIK-1, MICROPHONE, 0, volume: 1.000
Dated: 08/10/2025 13:08:23
Measurement: Booth Right
Sweep level: -12,0 dBFS
Response measured over: 0,4 to 19.999,9 Hz
Peak value: 0.0015661343 at index 48000
Response length: 131072 samples
Sample interval: 2.0833333333333333E-5 seconds
Start time: -1.000000013913449 seconds

Format is freq (Hz), BW (octaves), EDT (s), r, T20 (s), r, T30 (s), r, Topt (s), r, ToptStart (dB), ToptEnd (dB), T60M (s), reverse/forward/zero phase filtered, C50 (dB), C80 (dB), D50 (%), TS (s)

50 1/3 0.841 -0.968 1.459 -0.960 1.349 -0.979 1.047 -0.987 -5.000 -22.000 0.000 Forward 2.61 4.85 64.6 0.097
63 1/3 1.011 -0.992 1.070 -0.985 1.145 -0.992 1.213 -0.994 -5.000 -47.000 0.000 Forward 3.48 4.41 69.0 0.093
80 1/3 0.701 -0.987 1.316 -0.988 1.103 -0.986 1.145 -0.993 -5.000 -51.000 0.000 Forward 5.96 8.08 79.8 0.076
100 1/3 0.392 -0.974 1.495 -0.978 1.244 -0.990 1.213 -0.997 -8.000 -58.000 0.000 Forward 10.62 12.38 92.0 0.053
125 1/3 0.304 -0.960 1.185 -0.971 0.944 -0.983 0.920 -0.990 -9.000 -40.000 0.000 Forward 12.65 13.58 94.8 0.042
160 1/3 0.394 -0.983 1.158 -0.951 0.947 -0.979 0.910 -0.992 -11.000 -51.000 0.000 Forward 11.63 13.80 93.6 0.039
200 1/3 0.731 -0.973 0.529 -0.980 0.740 -0.978 0.930 -0.991 -5.000 -60.000 0.000 Forward 2.73 7.77 65.2 0.047
250 1/3 0.302 -0.915 0.619 -0.988 0.703 -0.993 0.967 -0.991 -10.000 -53.000 0.000 Forward 9.11 13.61 89.1 0.025
315 1/3 0.295 -0.964 0.798 -0.980 0.897 -0.988 0.948 -0.994 -10.000 -39.000 0.000 Forward 9.43 13.43 89.8 0.024
400 1/3 0.128 -0.968 1.185 -0.980 1.276 -0.991 1.290 -0.998 -11.000 -60.000 0.000 Forward 11.03 13.24 92.7 0.020
500 1/3 0.254 -0.924 1.265 -0.950 1.361 -0.981 1.495 -0.998 -12.000 -60.000 0.000 Forward 9.77 13.93 90.5 0.022
630 1/3 0.527 -0.993 1.219 -0.963 1.338 -0.989 1.499 -0.998 -12.000 -44.000 0.000 Forward 4.92 9.04 75.6 0.047
800 1/3 0.535 -0.991 1.152 -0.987 1.271 -0.994 1.350 -0.998 -11.000 -35.000 0.000 Forward 4.99 8.16 75.9 0.046
1000 1/3 0.320 -0.987 1.028 -0.982 1.370 -0.986 1.702 -0.996 -13.000 -54.000 0.000 Forward 8.95 12.22 88.7 0.033
1250 1/3 0.140 -0.922 1.205 -0.974 1.390 -0.991 1.579 -0.999 -13.000 -54.000 0.000 Forward 13.43 15.87 95.7 0.022
1600 1/3 0.366 -0.963 1.415 -0.988 1.574 -0.995 1.576 -0.999 -10.000 -31.000 0.000 Forward 8.03 11.02 86.4 0.033
2000 1/3 0.400 -0.994 1.565 -0.986 1.607 -0.996 1.651 -0.999 -11.000 -43.000 0.000 Forward 7.85 11.57 85.9 0.036
2500 1/3 0.323 -0.991 1.373 -0.986 1.514 -0.995 1.593 -1.000 -11.000 -43.000 0.000 Forward 9.41 12.19 89.7 0.029
3150 1/3 0.279 -0.980 1.296 -0.955 1.433 -0.987 1.618 -1.000 -12.000 -56.000 0.000 Forward 10.15 14.24 91.2 0.024
4000 1/3 0.288 -0.989 1.473 -0.977 1.465 -0.995 1.541 -1.000 -12.000 -48.000 0.000 Forward 10.01 13.08 90.9 0.027
5000 1/3 0.275 -0.979 1.210 -0.963 1.282 -0.990 1.420 -1.000 -12.000 -57.000 0.000 Forward 10.23 13.93 91.3 0.025
6300 1/3 0.286 -0.984 0.984 -0.970 1.079 -0.991 1.155 -1.000 -12.000 -40.000 0.000 Forward 10.39 14.09 91.6 0.023
8000 1/3 0.246 -0.980 0.733 -0.983 0.864 -0.991 0.941 -0.999 -11.000 -42.000 0.000 Forward 10.61 14.43 92.0 0.021
10000 1/3 0.172 -0.962 0.469 -0.963 0.653 -0.976 0.831 -0.998 -14.000 -56.000 0.000 Forward 13.77 19.16 96.0 0.016

full 1/3 0.262 -0.976 0.995 -0.970 1.155 -0.989 1.264 -0.999 -12.000 -37.000 0.000 Forward 10.60 14.07 92.0 0.020

RT60 data saved by REW V5.31.3
Source: UMIK-1, MICROPHONE, 0, volume: 1.000
Dated: 08/10/2025 13:11:06
Measurement: Audence Center
Sweep level: -12,0 dBFS
Response measured over: 0,4 to 19.999,9 Hz
Peak value: 0.013676998 at index 48000
Response length: 131072 samples
Sample interval: 2.0833333333333333E-5 seconds
Start time: -1.0000000000204394 seconds

Format is freq (Hz), BW (octaves), EDT (s), r, T20 (s), r, T30 (s), r, Topt (s), r, ToptStart (dB), ToptEnd (dB), T60M (s), reverse/forward/zero phase filtered, C50 (dB), C80 (dB), D50 (%), TS (s)

50 1/3 0.659 -0.942 1.214 -0.994 1.192 -0.996 1.247 -0.996 -5.000 -31.000 0.000 Forward 8.28 9.65 87.1 0.087
63 1/3 1.473 -0.983 1.170 -0.992 1.229 -0.993 1.264 -0.994 -5.000 -46.000 0.000 Forward 3.35 4.34 68.4 0.112
80 1/3 1.939 -0.939 1.278 -0.987 1.360 -0.995 1.454 -0.996 -5.000 -47.000 0.000 Forward 2.81 3.52 65.6 0.103
100 1/3 0.771 -0.939 1.239 -0.966 1.279 -0.987 1.261 -0.997 -5.000 -58.000 0.000 Forward 6.51 6.80 81.8 0.063
125 1/3 0.276 -0.906 1.094 -0.959 1.395 -0.972 1.475 -0.994 -15.000 -60.000 0.000 Forward 14.54 14.99 96.6 0.035
160 1/3 0.221 -0.903 0.644 -0.895 0.922 -0.961 0.920 -0.995 -15.000 -51.000 0.000 Forward 18.80 19.33 98.7 0.026
200 1/3 0.165 -0.906 0.603 -0.926 0.697 -0.975 0.966 -0.991 -15.000 -53.000 0.000 Forward 17.75 18.26 98.4 0.020
250 1/3 0.124 -0.979 0.945 -0.989 1.030 -0.995 1.026 -0.997 -10.000 -39.000 0.000 Forward 12.45 13.48 94.6 0.019
315 1/3 0.108 -0.948 1.204 -0.962 1.127 -0.990 1.316 -0.997 -12.000 -60.000 0.000 Forward 13.93 16.58 96.1 0.017
400 1/3 0.090 -0.927 1.018 -0.975 1.151 -0.993 1.200 -0.998 -13.000 -40.000 0.000 Forward 14.89 15.95 96.9 0.014
500 1/3 0.071 -0.975 1.104 -0.991 1.245 -0.994 1.127 -0.996 -11.000 -28.000 0.000 Forward 12.41 14.76 94.6 0.015
630 1/3 0.056 -0.951 1.355 -0.986 1.499 -0.993 1.388 -0.996 -12.000 -31.000 0.000 Forward 12.87 15.12 95.1 0.013
800 1/3 0.060 -0.982 1.473 -0.968 1.544 -0.995 1.605 -0.999 -14.000 -40.000 0.000 Forward 15.52 16.80 97.3 0.011
1000 1/3 0.064 -0.991 1.326 -0.988 1.494 -0.996 1.548 -0.998 -12.000 -39.000 0.000 Forward 13.43 14.64 95.7 0.012
1250 1/3 0.972 -0.855 1.489 -0.993 1.671 -0.996 1.294 -0.997 -5.000 -20.000 0.000 Forward 7.95 9.66 86.2 0.026
1600 1/3 0.052 -0.941 1.414 -0.994 1.628 -0.996 1.846 -0.998 -11.000 -54.000 0.000 Forward 11.68 13.55 93.6 0.013
2000 1/3 0.048 -0.887 1.451 -0.990 1.535 -0.997 1.505 -0.999 -12.000 -31.000 0.000 Forward 13.60 14.89 95.8 0.009
2500 1/3 0.068 -0.861 1.199 -0.994 1.429 -0.994 1.718 -0.997 -11.000 -59.000 0.000 Forward 11.13 12.45 92.8 0.012
3150 1/3 0.011 -0.942 1.248 -0.993 1.491 -0.995 1.742 -0.998 -13.000 -60.000 0.000 Forward 13.19 14.10 95.4 0.007
4000 1/3 0.008 -0.947 1.209 -0.991 1.374 -0.996 1.455 -0.998 -13.000 -46.000 0.000 Forward 13.87 14.71 96.1 0.006
5000 1/3 0.009 -0.958 0.937 -0.987 1.128 -0.992 1.276 -0.997 -13.000 -53.000 0.000 Forward 14.25 15.19 96.4 0.006
6300 1/3 0.006 -0.951 0.801 -0.965 0.916 -0.993 1.028 -0.997 -14.000 -48.000 0.000 Forward 16.34 17.08 97.7 0.004
8000 1/3 0.005 -0.961 0.928 -0.947 0.851 -0.992 0.867 -0.999 -15.000 -56.000 0.000 Forward 18.70 19.76 98.7 0.002
10000 1/3 0.003 -0.937 0.747 -0.913 0.715 -0.988 0.726 -0.999 -15.000 -58.000 0.000 Forward 19.94 21.70 99.0 0.002

full 1/3 0.008 -0.758 0.894 -0.969 1.053 -0.993 1.034 -0.997 -15.000 -33.000 0.000 Forward 17.19 18.29 98.1 0.003

RT60 data saved by REW V5.31.3
Source: UMIK-1, MICROPHONE, 0, volume: 1.000
Dated: 08/10/2025 13:07:49
Measurement: Booth  center
Sweep level: -12,0 dBFS
Response measured over: 0,4 to 19.999,9 Hz
Peak value: 0.013851844 at index 48000
Response length: 131072 samples
Sample interval: 2.0833333333333333E-5 seconds
Start time: -1.0000000049854236 seconds

Format is freq (Hz), BW (octaves), EDT (s), r, T20 (s), r, T30 (s), r, Topt (s), r, ToptStart (dB), ToptEnd (dB), T60M (s), reverse/forward/zero phase filtered, C50 (dB), C80 (dB), D50 (%), TS (s)

50 1/3 0.742 -0.923 1.316 -0.978 1.300 -0.991 1.352 -0.992 -5.000 -38.000 0.000 Forward 7.77 10.93 85.7 0.096
63 1/3 1.040 -0.983 1.017 -0.991 0.913 -0.993 0.900 -0.996 -5.000 -42.000 0.000 Forward 5.20 5.86 76.8 0.091
80 1/3 0.423 -0.910 1.377 -0.964 1.162 -0.988 1.217 -0.994 -8.000 -56.000 0.000 Forward 8.09 9.99 86.6 0.061
100 1/3 0.624 -0.960 1.427 -0.953 1.425 -0.977 1.306 -0.996 -14.000 -57.000 0.000 Forward 4.67 10.34 74.5 0.070
125 1/3 1.310 -0.987 0.918 -0.994 1.073 -0.993 1.199 -0.996 -5.000 -57.000 0.000 Forward -4.23 0.59 27.4 0.119
160 1/3 1.148 -0.979 0.896 -0.990 0.883 -0.995 0.885 -0.998 -5.000 -47.000 0.000 Forward 1.81 4.36 60.3 0.075
200 1/3 0.645 -0.971 0.794 -0.981 0.797 -0.993 0.842 -0.998 -5.000 -59.000 0.000 Forward 5.45 9.74 77.8 0.044
250 1/3 0.590 -0.973 0.756 -0.995 0.728 -0.997 0.718 -0.997 -5.000 -34.000 0.000 Forward 6.06 9.54 80.2 0.038
315 1/3 0.228 -0.991 0.789 -0.980 0.967 -0.989 1.048 -0.998 -12.000 -50.000 0.000 Forward 12.17 14.15 94.3 0.024
400 1/3 0.331 -0.965 1.071 -0.988 1.152 -0.996 1.197 -0.999 -10.000 -50.000 0.000 Forward 9.87 12.48 90.7 0.025
500 1/3 0.194 -0.985 1.020 -0.986 1.173 -0.993 1.233 -0.998 -11.000 -41.000 0.000 Forward 12.16 13.61 94.3 0.020
630 1/3 0.192 -0.968 1.134 -0.977 1.188 -0.994 1.232 -0.999 -11.000 -38.000 0.000 Forward 13.11 14.57 95.3 0.018
800 1/3 0.181 -0.966 1.238 -0.949 1.385 -0.984 1.491 -0.999 -13.000 -47.000 0.000 Forward 14.57 16.18 96.6 0.015
1000 1/3 0.199 -0.968 1.015 -0.941 1.342 -0.977 1.521 -0.999 -14.000 -40.000 0.000 Forward 14.55 16.79 96.6 0.014
1250 1/3 0.180 -0.925 1.287 -0.937 1.518 -0.983 1.660 -1.000 -14.000 -45.000 0.000 Forward 14.71 16.72 96.7 0.011
1600 1/3 0.121 -0.947 1.331 -0.934 1.606 -0.984 1.772 -1.000 -15.000 -58.000 0.000 Forward 16.09 17.67 97.6 0.009
2000 1/3 0.072 -0.953 1.281 -0.940 1.507 -0.985 1.668 -1.000 -14.000 -60.000 0.000 Forward 15.80 17.25 97.4 0.008
2500 1/3 0.111 -0.932 1.295 -0.959 1.517 -0.989 1.613 -0.999 -14.000 -41.000 0.000 Forward 14.67 17.00 96.7 0.010
3150 1/3 0.084 -0.911 1.173 -0.937 1.478 -0.979 1.678 -0.999 -14.000 -60.000 0.000 Forward 15.75 17.88 97.4 0.007
4000 1/3 0.048 -0.832 0.957 -0.934 1.364 -0.977 1.636 -0.999 -15.000 -60.000 0.000 Forward 17.24 19.28 98.1 0.006
5000 1/3 0.052 -0.795 0.758 -0.917 1.212 -0.967 1.423 -0.999 -15.000 -58.000 0.000 Forward 18.79 20.79 98.7 0.005
6300 1/3 0.023 -0.795 0.574 -0.931 1.074 -0.959 1.221 -0.999 -15.000 -59.000 0.000 Forward 20.33 22.69 99.1 0.003
8000 1/3 0.005 -0.961 0.267 -0.970 0.723 -0.948 0.942 -0.998 -15.000 -55.000 0.000 Forward 23.05 25.58 99.5 0.002
10000 1/3 0.004 -0.961 0.185 -0.983 0.533 -0.928 0.735 -0.995 -15.000 -60.000 0.000 Forward 25.12 27.79 99.7 0.002

full 1/3 0.030 -0.591 0.492 -0.938 1.014 -0.958 1.334 -0.997 -15.000 -49.000 0.000 Forward 20.92 23.22 99.2 0.002

